Training started at: 2025-06-16 14:07:12
----------------------------------------------------------------------
Episode   Total Reward        Episode Length      Goal Voltage        
----------------------------------------------------------------------
1         -3212.8611          600                 -36.6068            
2         -1904.2884          117                 -42.9696            
3         -1492.9077          103                 -34.4276            
4         -2422.6971          141                 -35.9737            
5         -2354.7915          167                 -35.8101            
6         -1958.3720          187                 -43.2050            
7         -715.9222           51                  -46.4447            
8         -2467.5715          177                 -28.4159            
9         -2142.7399          126                 -30.4895            
10        -1864.6116          128                 -39.5373            
11        -820.5052           73                  -31.3523            
12        -2167.9923          136                 -39.8885            
13        -2874.5546          226                 -46.8377            
14        -1983.1691          121                 -35.1120            
15        -2079.0705          118                 -45.6258            
16        -1871.3179          131                 -37.2244            
17        -1732.2846          108                 -38.6070            
18        -1938.4670          128                 -48.8493            
19        -2013.2829          121                 -33.5926            
20        -2128.8862          129                 -32.5598            
21        -1755.7601          116                 -31.5383            
22        -2548.4729          139                 -36.0238            
23        -1918.3867          118                 -46.1701            
24        -1293.5746          600                 -30.7307            
25        -2391.4111          154                 -38.5899            
